	Model	SN	O2Concentration[uM]	AirSaturation[%]	Temperature[Deg.C]	CalPhase[Deg]	TCPhase[Deg]	C1RPh[Deg]	C2RPh[Deg]	C1Amp[mV]	C2Amp[mV]	RawTemp[mV]
2025-05-22 15:52:42.706	4330	4311	3.19E+02	1.01E+02	1.51E+01	3.10E+01	3.20E+01	3.95E+01	7.48E+00	7.52E+02	8.53E+02	3.95E+02
2025-05-22 15:52:42.706												
2025-05-22 15:52:42.706	4330	4311	3.19E+02	1.01E+02	1.51E+01	3.10E+01	3.20E+01	3.95E+01	7.48E+00	7.52E+02	8.53E+02	3.95E+02
2025-05-22 15:52:42.706												
2025-05-22 15:52:42.706	4330	4311	3.19E+02	1.01E+02	1.50E+01	3.10E+01	3.20E+01	3.95E+01	7.48E+00	7.52E+02	8.53E+02	3.96E+02
2025-05-22 15:52:42.706												
2025-05-22 15:52:42.729	4330	4311	3.19E+02	1.01E+02	1.50E+01	3.10E+01	3.20E+01	3.95E+01	7.48E+00	7.52E+02	8.53E+02	3.96E+02
2025-05-22 15:52:44.833												
2025-05-22 15:52:45.137	4330	4311	3.19E+02	1.01E+02	1.50E+01	3.10E+01	3.20E+01	3.95E+01	7.48E+00	7.52E+02	8.53E+02	3.96E+02
2025-05-22 15:52:47.834												
2025-05-22 15:52:48.135	4330	4311	3.19E+02	1.01E+02	1.50E+01	3.10E+01	3.20E+01	3.95E+01	7.49E+00	7.52E+02	8.52E+02	3.95E+02
2025-05-22 15:52:50.824												
2025-05-22 15:52:51.123	4330	4311	3.19E+02	1.01E+02	1.50E+01	3.10E+01	3.20E+01	3.95E+01	7.49E+00	7.52E+02	8.52E+02	3.95E+02
2025-05-22 15:52:53.830												
2025-05-22 15:52:54.131	4330	4311	3.19E+02	1.01E+02	1.51E+01	3.10E+01	3.20E+01	3.95E+01	7.49E+00	7.52E+02	8.52E+02	3.94E+02
2025-05-22 15:52:56.821												
2025-05-22 15:52:57.127	4330	4311	3.18E+02	1.01E+02	1.51E+01	3.10E+01	3.20E+01	3.95E+01	7.49E+00	7.52E+02	8.52E+02	3.94E+02
2025-05-22 15:52:59.828												
2025-05-22 15:53:00.132	4330	4311	3.18E+02	1.01E+02	1.51E+01	3.10E+01	3.20E+01	3.95E+01	7.49E+00	7.52E+02	8.52E+02	3.93E+02
2025-05-22 15:53:02.805												
2025-05-22 15:53:03.126	4330	4311	3.18E+02	1.01E+02	1.51E+01	3.10E+01	3.20E+01	3.95E+01	7.49E+00	7.52E+02	8.52E+02	3.93E+02
2025-05-22 15:53:05.822												
2025-05-22 15:53:06.131	4330	4311	3.18E+02	1.01E+02	1.51E+01	3.10E+01	3.20E+01	3.95E+01	7.49E+00	7.52E+02	8.52E+02	3.93E+02
2025-05-22 15:53:08.812												
2025-05-22 15:53:09.119	4330	4311	3.18E+02	1.01E+02	1.51E+01	3.10E+01	3.20E+01	3.95E+01	7.49E+00	7.51E+02	8.52E+02	3.93E+02
2025-05-22 15:53:11.817												
2025-05-22 15:53:12.117	4330	4311	3.18E+02	1.01E+02	1.51E+01	3.10E+01	3.20E+01	3.95E+01	7.49E+00	7.51E+02	8.52E+02	3.93E+02
2025-05-22 15:53:14.808												
2025-05-22 15:53:15.116	4330	4311	3.18E+02	1.01E+02	1.51E+01	3.10E+01	3.20E+01	3.95E+01	7.49E+00	7.51E+02	8.51E+02	3.93E+02
2025-05-22 15:53:17.812												
2025-05-22 15:53:18.116	4330	4311	3.18E+02	1.01E+02	1.51E+01	3.10E+01	3.20E+01	3.95E+01	7.50E+00	7.52E+02	8.51E+02	3.93E+02
2025-05-22 15:53:20.806												
2025-05-22 15:53:21.105	4330	4311	3.19E+02	1.01E+02	1.51E+01	3.10E+01	3.20E+01	3.95E+01	7.49E+00	7.51E+02	8.51E+02	3.94E+02
2025-05-22 15:53:23.810												
2025-05-22 15:53:24.111	4330	4311	3.19E+02	1.01E+02	1.51E+01	3.10E+01	3.20E+01	3.95E+01	7.50E+00	7.51E+02	8.51E+02	3.94E+02
2025-05-22 15:53:26.800												
2025-05-22 15:53:27.100	4330	4311	3.19E+02	1.01E+02	1.51E+01	3.10E+01	3.20E+01	3.95E+01	7.50E+00	7.51E+02	8.51E+02	3.94E+02
2025-05-22 15:53:29.801												
2025-05-22 15:53:30.106	4330	4311	3.18E+02	1.01E+02	1.51E+01	3.10E+01	3.20E+01	3.95E+01	7.50E+00	7.51E+02	8.51E+02	3.93E+02
2025-05-22 15:53:32.792												
2025-05-22 15:53:33.098	4330	4311	3.18E+02	1.01E+02	1.52E+01	3.10E+01	3.20E+01	3.95E+01	7.50E+00	7.51E+02	8.51E+02	3.92E+02
2025-05-22 15:53:35.797												
2025-05-22 15:53:36.101	4330	4311	3.18E+02	1.01E+02	1.51E+01	3.10E+01	3.20E+01	3.95E+01	7.50E+00	7.51E+02	8.51E+02	3.93E+02
2025-05-22 15:53:38.790												
2025-05-22 15:53:39.090	4330	4311	3.18E+02	1.01E+02	1.51E+01	3.10E+01	3.20E+01	3.95E+01	7.50E+00	7.51E+02	8.51E+02	3.93E+02
2025-05-22 15:53:41.795												
2025-05-22 15:53:42.096	4330	4311	3.18E+02	1.01E+02	1.51E+01	3.10E+01	3.20E+01	3.95E+01	7.50E+00	7.51E+02	8.51E+02	3.93E+02
2025-05-22 15:53:44.782												
2025-05-22 15:53:45.084	4330	4311	3.18E+02	1.01E+02	1.51E+01	3.10E+01	3.20E+01	3.95E+01	7.50E+00	7.51E+02	8.51E+02	3.92E+02
2025-05-22 15:53:47.789												
2025-05-22 15:53:48.096	4330	4311	3.18E+02	1.01E+02	1.52E+01	3.10E+01	3.20E+01	3.95E+01	7.50E+00	7.51E+02	8.51E+02	3.91E+02
2025-05-22 15:53:50.778												
2025-05-22 15:53:51.083	4330	4311	3.18E+02	1.01E+02	1.51E+01	3.10E+01	3.20E+01	3.95E+01	7.50E+00	7.51E+02	8.50E+02	3.92E+02
2025-05-22 15:53:53.786												
2025-05-22 15:53:54.086	4330	4311	3.18E+02	1.01E+02	1.51E+01	3.10E+01	3.20E+01	3.95E+01	7.50E+00	7.51E+02	8.50E+02	3.92E+02
2025-05-22 15:53:56.778												
2025-05-22 15:53:57.079	4330	4311	3.18E+02	1.01E+02	1.51E+01	3.10E+01	3.20E+01	3.95E+01	7.50E+00	7.51E+02	8.50E+02	3.92E+02
2025-05-22 15:53:59.780												
2025-05-22 15:54:00.084	4330	4311	3.18E+02	1.01E+02	1.51E+01	3.10E+01	3.20E+01	3.95E+01	7.50E+00	7.51E+02	8.50E+02	3.92E+02
2025-05-22 15:54:02.771												
2025-05-22 15:54:03.071	4330	4311	3.18E+02	1.01E+02	1.51E+01	3.10E+01	3.20E+01	3.95E+01	7.50E+00	7.51E+02	8.50E+02	3.93E+02
2025-05-22 15:54:05.778												
2025-05-22 15:54:06.076	4330	4311	3.18E+02	1.01E+02	1.51E+01	3.10E+01	3.20E+01	3.95E+01	7.50E+00	7.51E+02	8.50E+02	3.92E+02
2025-05-22 15:54:08.768												
2025-05-22 15:54:09.066	4330	4311	3.18E+02	1.01E+02	1.52E+01	3.10E+01	3.20E+01	3.95E+01	7.50E+00	7.51E+02	8.50E+02	3.92E+02
2025-05-22 15:54:11.768												
2025-05-22 15:54:12.072	4330	4311	3.18E+02	1.01E+02	1.52E+01	3.10E+01	3.20E+01	3.95E+01	7.50E+00	7.51E+02	8.50E+02	3.91E+02
2025-05-22 15:54:14.760												
2025-05-22 15:54:15.058	4330	4311	3.18E+02	1.01E+02	1.52E+01	3.10E+01	3.20E+01	3.95E+01	7.50E+00	7.51E+02	8.50E+02	3.91E+02
2025-05-22 15:54:17.764												
2025-05-22 15:54:18.066	4330	4311	3.18E+02	1.01E+02	1.51E+01	3.10E+01	3.20E+01	3.95E+01	7.50E+00	7.51E+02	8.50E+02	3.92E+02
2025-05-22 15:54:20.771												
2025-05-22 15:54:21.060	4330	4311	3.18E+02	1.01E+02	1.51E+01	3.10E+01	3.20E+01	3.95E+01	7.50E+00	7.51E+02	8.50E+02	3.92E+02
2025-05-22 15:54:23.758												
2025-05-22 15:54:24.065	4330	4311	3.18E+02	1.01E+02	1.51E+01	3.10E+01	3.20E+01	3.95E+01	7.50E+00	7.51E+02	8.50E+02	3.92E+02
2025-05-22 15:54:26.764												
2025-05-22 15:54:27.051	4330	4311	3.18E+02	1.01E+02	1.51E+01	3.10E+01	3.20E+01	3.95E+01	7.50E+00	7.50E+02	8.50E+02	3.92E+02
2025-05-22 15:54:29.759												
2025-05-22 15:54:30.060	4330	4311	3.18E+02	1.01E+02	1.52E+01	3.10E+01	3.20E+01	3.95E+01	7.50E+00	7.50E+02	8.50E+02	3.92E+02
2025-05-22 15:54:32.757												
2025-05-22 15:54:33.046	4330	4311	3.18E+02	1.01E+02	1.52E+01	3.10E+01	3.20E+01	3.95E+01	7.50E+00	7.50E+02	8.50E+02	3.91E+02
2025-05-22 15:54:35.754												
2025-05-22 15:54:36.052	4330	4311	3.18E+02	1.01E+02	1.52E+01	3.10E+01	3.20E+01	3.95E+01	7.50E+00	7.50E+02	8.50E+02	3.90E+02
2025-05-22 15:54:38.755												
2025-05-22 15:54:39.042	4330	4311	3.18E+02	1.01E+02	1.52E+01	3.10E+01	3.20E+01	3.95E+01	7.50E+00	7.50E+02	8.50E+02	3.90E+02
2025-05-22 15:54:41.747												
2025-05-22 15:54:42.047	4330	4311	3.18E+02	1.01E+02	1.52E+01	3.10E+01	3.20E+01	3.95E+01	7.50E+00	7.50E+02	8.50E+02	3.91E+02
2025-05-22 15:54:44.737												
2025-05-22 15:54:45.039	4330	4311	3.18E+02	1.01E+02	1.52E+01	3.10E+01	3.20E+01	3.95E+01	7.51E+00	7.50E+02	8.50E+02	3.91E+02
2025-05-22 15:54:47.737												
2025-05-22 15:54:48.039	4330	4311	3.18E+02	1.01E+02	1.52E+01	3.10E+01	3.20E+01	3.95E+01	7.50E+00	7.50E+02	8.49E+02	3.90E+02
2025-05-22 15:54:50.747												
2025-05-22 15:54:51.037	4330	4311	3.18E+02	1.01E+02	1.52E+01	3.09E+01	3.20E+01	3.95E+01	7.51E+00	7.50E+02	8.49E+02	3.90E+02
2025-05-22 15:54:53.735												
2025-05-22 15:54:54.038	4330	4311	3.17E+02	1.01E+02	1.52E+01	3.10E+01	3.20E+01	3.95E+01	7.51E+00	7.50E+02	8.49E+02	3.90E+02
2025-05-22 15:54:56.739												
2025-05-22 15:54:57.025	4330	4311	3.17E+02	1.01E+02	1.52E+01	3.10E+01	3.20E+01	3.95E+01	7.51E+00	7.50E+02	8.49E+02	3.90E+02
2025-05-22 15:54:59.733												
2025-05-22 15:55:00.033	4330	4311	3.17E+02	1.01E+02	1.52E+01	3.09E+01	3.20E+01	3.95E+01	7.51E+00	7.50E+02	8.49E+02	3.89E+02
2025-05-22 15:55:02.735												
2025-05-22 15:55:03.024	4330	4311	3.17E+02	1.01E+02	1.52E+01	3.09E+01	3.20E+01	3.95E+01	7.51E+00	7.50E+02	8.49E+02	3.89E+02
2025-05-22 15:55:05.727												
2025-05-22 15:55:06.029	4330	4311	3.17E+02	1.01E+02	1.53E+01	3.09E+01	3.20E+01	3.95E+01	7.51E+00	7.50E+02	8.49E+02	3.88E+02
2025-05-22 15:55:08.734												
2025-05-22 15:55:09.016	4330	4311	3.17E+02	1.01E+02	1.53E+01	3.09E+01	3.20E+01	3.95E+01	7.51E+00	7.50E+02	8.49E+02	3.88E+02
2025-05-22 15:55:11.724												
2025-05-22 15:55:12.023	4330	4311	3.17E+02	1.01E+02	1.52E+01	3.09E+01	3.20E+01	3.95E+01	7.50E+00	7.50E+02	8.49E+02	3.89E+02
2025-05-22 15:55:14.726												
2025-05-22 15:55:15.019	4330	4311	3.17E+02	1.01E+02	1.52E+01	3.09E+01	3.20E+01	3.95E+01	7.51E+00	7.50E+02	8.49E+02	3.89E+02
2025-05-22 15:55:17.716												
2025-05-22 15:55:18.021	4330	4311	3.17E+02	1.01E+02	1.52E+01	3.09E+01	3.20E+01	3.95E+01	7.51E+00	7.50E+02	8.49E+02	3.89E+02
2025-05-22 15:55:20.726												
2025-05-22 15:55:21.009	4330	4311	3.17E+02	1.01E+02	1.52E+01	3.09E+01	3.19E+01	3.95E+01	7.51E+00	7.50E+02	8.49E+02	3.89E+02
2025-05-22 15:55:23.713												
2025-05-22 15:55:24.013	4330	4311	3.17E+02	1.01E+02	1.52E+01	3.09E+01	3.19E+01	3.95E+01	7.51E+00	7.49E+02	8.49E+02	3.89E+02
2025-05-22 15:55:26.719												
2025-05-22 15:55:27.003	4330	4311	3.17E+02	1.01E+02	1.53E+01	3.09E+01	3.19E+01	3.95E+01	7.51E+00	7.49E+02	8.49E+02	3.88E+02
2025-05-22 15:55:29.711												
2025-05-22 15:55:30.008	4330	4311	3.17E+02	1.01E+02	1.53E+01	3.09E+01	3.19E+01	3.94E+01	7.51E+00	7.49E+02	8.49E+02	3.88E+02
2025-05-22 15:55:32.711												
2025-05-22 15:55:33.000	4330	4311	3.17E+02	1.01E+02	1.53E+01	3.09E+01	3.19E+01	3.95E+01	7.51E+00	7.49E+02	8.49E+02	3.87E+02
2025-05-22 15:55:35.705												
2025-05-22 15:55:36.009	4330	4311	3.17E+02	1.01E+02	1.53E+01	3.09E+01	3.19E+01	3.94E+01	7.51E+00	7.49E+02	8.49E+02	3.87E+02
2025-05-22 15:55:38.706												
2025-05-22 15:55:38.998	4330	4311	3.17E+02	1.01E+02	1.53E+01	3.09E+01	3.19E+01	3.94E+01	7.51E+00	7.49E+02	8.49E+02	3.87E+02
2025-05-22 15:55:41.702												
2025-05-22 15:55:42.002	4330	4311	3.17E+02	1.01E+02	1.53E+01	3.09E+01	3.19E+01	3.95E+01	7.51E+00	7.49E+02	8.49E+02	3.86E+02
2025-05-22 15:55:44.703												
2025-05-22 15:55:45.008	4330	4311	3.17E+02	1.01E+02	1.53E+01	3.09E+01	3.19E+01	3.94E+01	7.51E+00	7.49E+02	8.49E+02	3.87E+02
2025-05-22 15:55:47.694												
2025-05-22 15:55:47.999	4330	4311	3.17E+02	1.01E+02	1.53E+01	3.09E+01	3.19E+01	3.94E+01	7.51E+00	7.49E+02	8.49E+02	3.86E+02
2025-05-22 15:55:50.696												
2025-05-22 15:55:51.001	4330	4311	3.17E+02	1.01E+02	1.53E+01	3.09E+01	3.19E+01	3.94E+01	7.51E+00	7.49E+02	8.48E+02	3.86E+02
2025-05-22 15:55:53.690												
2025-05-22 15:55:53.986	4330	4311	3.17E+02	1.01E+02	1.53E+01	3.09E+01	3.19E+01	3.95E+01	7.51E+00	7.49E+02	8.48E+02	3.86E+02
2025-05-22 15:55:56.695												
2025-05-22 15:55:56.999	4330	4311	3.17E+02	1.01E+02	1.53E+01	3.09E+01	3.19E+01	3.94E+01	7.51E+00	7.49E+02	8.48E+02	3.86E+02
2025-05-22 15:55:59.682												
2025-05-22 15:55:59.984	4330	4311	3.16E+02	1.01E+02	1.53E+01	3.09E+01	3.19E+01	3.94E+01	7.51E+00	7.49E+02	8.48E+02	3.86E+02
2025-05-22 15:56:02.688												
2025-05-22 15:56:02.993	4330	4311	3.16E+02	1.01E+02	1.53E+01	3.09E+01	3.19E+01	3.94E+01	7.51E+00	7.49E+02	8.48E+02	3.86E+02
2025-05-22 15:56:05.680												
2025-05-22 15:56:05.981	4330	4311	3.17E+02	1.01E+02	1.53E+01	3.09E+01	3.19E+01	3.94E+01	7.51E+00	7.49E+02	8.48E+02	3.86E+02
2025-05-22 15:56:08.683												
2025-05-22 15:56:08.985	4330	4311	3.17E+02	1.01E+02	1.53E+01	3.09E+01	3.19E+01	3.94E+01	7.51E+00	7.49E+02	8.48E+02	3.85E+02
2025-05-22 15:56:11.675												
2025-05-22 15:56:11.980	4330	4311	3.17E+02	1.01E+02	1.53E+01	3.09E+01	3.19E+01	3.94E+01	7.51E+00	7.48E+02	8.48E+02	3.86E+02
2025-05-22 15:56:14.679												
2025-05-22 15:56:14.982	4330	4311	3.17E+02	1.01E+02	1.54E+01	3.09E+01	3.19E+01	3.94E+01	7.51E+00	7.48E+02	8.48E+02	3.85E+02
2025-05-22 15:56:17.672												
2025-05-22 15:56:17.973	4330	4311	3.17E+02	1.01E+02	1.53E+01	3.09E+01	3.19E+01	3.94E+01	7.51E+00	7.48E+02	8.48E+02	3.85E+02
2025-05-22 15:56:20.675												
2025-05-22 15:56:20.977	4330	4311	3.17E+02	1.01E+02	1.53E+01	3.09E+01	3.19E+01	3.94E+01	7.51E+00	7.48E+02	8.48E+02	3.86E+02
2025-05-22 15:56:23.665												
2025-05-22 15:56:23.964	4330	4311	3.17E+02	1.01E+02	1.53E+01	3.09E+01	3.19E+01	3.94E+01	7.51E+00	7.48E+02	8.48E+02	3.86E+02
2025-05-22 15:56:26.666												
2025-05-22 15:56:26.972	4330	4311	3.17E+02	1.01E+02	1.53E+01	3.09E+01	3.19E+01	3.94E+01	7.51E+00	7.48E+02	8.48E+02	3.86E+02
2025-05-22 15:56:29.662												
2025-05-22 15:56:29.960	4330	4311	3.17E+02	1.01E+02	1.53E+01	3.09E+01	3.19E+01	3.94E+01	7.51E+00	7.48E+02	8.48E+02	3.86E+02
2025-05-22 15:56:32.664												
2025-05-22 15:56:32.967	4330	4311	3.17E+02	1.01E+02	1.53E+01	3.09E+01	3.19E+01	3.94E+01	7.51E+00	7.48E+02	8.48E+02	3.86E+02
2025-05-22 15:56:35.655												
2025-05-22 15:56:35.963	4330	4311	3.17E+02	1.01E+02	1.54E+01	3.09E+01	3.19E+01	3.94E+01	7.51E+00	7.48E+02	8.48E+02	3.85E+02
2025-05-22 15:56:38.662												
2025-05-22 15:56:38.953	4330	4311	3.17E+02	1.01E+02	1.54E+01	3.09E+01	3.19E+01	3.94E+01	7.51E+00	7.48E+02	8.48E+02	3.85E+02
2025-05-22 15:56:41.647												
2025-05-22 15:56:41.951	4330	4311	3.17E+02	1.01E+02	1.54E+01	3.09E+01	3.19E+01	3.94E+01	7.51E+00	7.48E+02	8.48E+02	3.85E+02
2025-05-22 15:56:44.658												
2025-05-22 15:56:44.955	4330	4311	3.17E+02	1.01E+02	1.54E+01	3.09E+01	3.19E+01	3.94E+01	7.51E+00	7.48E+02	8.48E+02	3.84E+02
2025-05-22 15:56:47.644												
2025-05-22 15:56:47.949	4330	4311	3.16E+02	1.01E+02	1.54E+01	3.09E+01	3.19E+01	3.94E+01	7.51E+00	7.48E+02	8.48E+02	3.83E+02
2025-05-22 15:56:50.647												
2025-05-22 15:56:50.950	4330	4311	3.16E+02	1.01E+02	1.54E+01	3.09E+01	3.19E+01	3.94E+01	7.51E+00	7.48E+02	8.48E+02	3.83E+02
2025-05-22 15:56:53.639												
2025-05-22 15:56:53.942	4330	4311	3.16E+02	1.01E+02	1.54E+01	3.09E+01	3.19E+01	3.94E+01	7.51E+00	7.48E+02	8.48E+02	3.83E+02
2025-05-22 15:56:56.643												
2025-05-22 15:56:56.953	4330	4311	3.16E+02	1.01E+02	1.54E+01	3.09E+01	3.19E+01	3.94E+01	7.51E+00	7.47E+02	8.48E+02	3.83E+02
2025-05-22 15:56:59.637												
2025-05-22 15:56:59.937	4330	4311	3.16E+02	1.01E+02	1.54E+01	3.09E+01	3.19E+01	3.94E+01	7.51E+00	7.48E+02	8.47E+02	3.82E+02
2025-05-22 15:57:02.639												
2025-05-22 15:57:02.942	4330	4311	3.17E+02	1.01E+02	1.54E+01	3.09E+01	3.19E+01	3.94E+01	7.51E+00	7.47E+02	8.47E+02	3.84E+02
2025-05-22 15:57:05.630												
2025-05-22 15:57:05.934	4330	4311	3.17E+02	1.01E+02	1.54E+01	3.09E+01	3.19E+01	3.94E+01	7.51E+00	7.47E+02	8.47E+02	3.84E+02
2025-05-22 15:57:08.633												
2025-05-22 15:57:08.939	4330	4311	3.16E+02	1.01E+02	1.54E+01	3.09E+01	3.19E+01	3.94E+01	7.51E+00	7.45E+02	8.47E+02	3.83E+02
2025-05-22 15:57:11.623												
2025-05-22 15:57:11.922	4330	4311	3.17E+02	1.01E+02	1.54E+01	3.09E+01	3.19E+01	3.94E+01	7.51E+00	7.23E+02	8.47E+02	3.83E+02
2025-05-22 15:57:14.633												
2025-05-22 15:57:14.934	4330	4311	3.16E+02	1.02E+02	1.55E+01	3.09E+01	3.19E+01	3.94E+01	7.51E+00	6.97E+02	8.47E+02	3.79E+02
2025-05-22 15:57:17.615												
2025-05-22 15:57:17.917	4330	4311	3.14E+02	1.01E+02	1.57E+01	3.09E+01	3.19E+01	3.94E+01	7.51E+00	6.99E+02	8.47E+02	3.74E+02
2025-05-22 15:57:20.625												
2025-05-22 15:57:20.927	4330	4311	3.14E+02	1.01E+02	1.57E+01	3.09E+01	3.19E+01	3.94E+01	7.51E+00	6.99E+02	8.47E+02	3.74E+02
2025-05-22 15:57:23.622												
2025-05-22 15:57:23.924	4330	4311	3.14E+02	1.01E+02	1.57E+01	3.09E+01	3.19E+01	3.94E+01	7.51E+00	6.99E+02	8.46E+02	3.75E+02
2025-05-22 15:57:26.626												
2025-05-22 15:57:26.930	4330	4311	3.14E+02	1.01E+02	1.57E+01	3.09E+01	3.19E+01	3.94E+01	7.51E+00	6.99E+02	8.46E+02	3.74E+02
2025-05-22 15:57:29.617												
2025-05-22 15:57:29.921	4330	4311	3.14E+02	1.01E+02	1.57E+01	3.09E+01	3.19E+01	3.94E+01	7.51E+00	6.99E+02	8.46E+02	3.74E+02
2025-05-22 15:57:32.630												
2025-05-22 15:57:32.927	4330	4311	3.14E+02	1.01E+02	1.57E+01	3.09E+01	3.19E+01	3.94E+01	7.51E+00	6.99E+02	8.46E+02	3.74E+02
2025-05-22 15:57:35.619												
2025-05-22 15:57:35.915	4330	4311	3.14E+02	1.01E+02	1.57E+01	3.09E+01	3.19E+01	3.94E+01	7.51E+00	6.99E+02	8.46E+02	3.74E+02
2025-05-22 15:57:38.629												
2025-05-22 15:57:38.930	4330	4311	3.14E+02	1.01E+02	1.57E+01	3.09E+01	3.19E+01	3.94E+01	7.51E+00	6.99E+02	8.46E+02	3.74E+02
2025-05-22 15:57:41.618												
2025-05-22 15:57:41.920	4330	4311	3.14E+02	1.01E+02	1.57E+01	3.09E+01	3.19E+01	3.94E+01	7.51E+00	6.99E+02	8.46E+02	3.74E+02
2025-05-22 15:57:44.627												
2025-05-22 15:57:44.918	4330	4311	3.14E+02	1.01E+02	1.57E+01	3.09E+01	3.19E+01	3.94E+01	7.51E+00	6.99E+02	8.46E+02	3.74E+02
2025-05-22 15:57:47.633												
2025-05-22 15:57:47.917	4330	4311	3.14E+02	1.01E+02	1.57E+01	3.09E+01	3.19E+01	3.94E+01	7.51E+00	6.99E+02	8.46E+02	3.74E+02
2025-05-22 15:57:50.626												
2025-05-22 15:57:50.926	4330	4311	3.14E+02	1.01E+02	1.57E+01	3.09E+01	3.19E+01	3.94E+01	7.51E+00	6.99E+02	8.46E+02	3.74E+02
2025-05-22 15:57:53.633												
2025-05-22 15:57:53.918	4330	4311	3.14E+02	1.01E+02	1.57E+01	3.09E+01	3.19E+01	3.94E+01	7.51E+00	6.99E+02	8.46E+02	3.73E+02
2025-05-22 15:57:56.623												
2025-05-22 15:57:56.932	4330	4311	3.13E+02	1.01E+02	1.57E+01	3.09E+01	3.19E+01	3.94E+01	7.51E+00	6.99E+02	8.46E+02	3.73E+02
2025-05-22 15:57:59.633												
2025-05-22 15:57:59.921	4330	4311	3.13E+02	1.01E+02	1.57E+01	3.09E+01	3.19E+01	3.94E+01	7.51E+00	6.99E+02	8.46E+02	3.73E+02
2025-05-22 15:58:02.622												
2025-05-22 15:58:02.931	4330	4311	3.13E+02	1.01E+02	1.57E+01	3.09E+01	3.19E+01	3.94E+01	7.51E+00	6.99E+02	8.46E+02	3.73E+02
2025-05-22 15:58:05.632												
2025-05-22 15:58:05.907	4330	4311	3.13E+02	1.01E+02	1.57E+01	3.09E+01	3.19E+01	3.94E+01	7.51E+00	6.99E+02	8.46E+02	3.73E+02
2025-05-22 15:58:08.625												
2025-05-22 15:58:08.925	4330	4311	3.13E+02	1.01E+02	1.57E+01	3.09E+01	3.19E+01	3.94E+01	7.51E+00	6.99E+02	8.46E+02	3.73E+02
2025-05-22 15:58:11.629												
2025-05-22 15:58:11.916	4330	4311	3.13E+02	1.01E+02	1.57E+01	3.09E+01	3.19E+01	3.94E+01	7.51E+00	6.99E+02	8.46E+02	3.73E+02
2025-05-22 15:58:14.622												
2025-05-22 15:58:14.925	4330	4311	3.13E+02	1.01E+02	1.57E+01	3.09E+01	3.19E+01	3.94E+01	7.51E+00	6.99E+02	8.46E+02	3.73E+02
2025-05-22 15:58:17.632												
2025-05-22 15:58:17.920	4330	4311	3.13E+02	1.01E+02	1.58E+01	3.09E+01	3.19E+01	3.94E+01	7.51E+00	6.99E+02	8.46E+02	3.73E+02
2025-05-22 15:58:20.625												
2025-05-22 15:58:20.928	4330	4311	3.13E+02	1.01E+02	1.58E+01	3.09E+01	3.19E+01	3.94E+01	7.51E+00	6.99E+02	8.45E+02	3.72E+02
2025-05-22 15:58:23.633												
2025-05-22 15:58:23.916	4330	4311	3.13E+02	1.01E+02	1.58E+01	3.09E+01	3.19E+01	3.94E+01	7.51E+00	6.99E+02	8.45E+02	3.72E+02
2025-05-22 15:58:26.624												
2025-05-22 15:58:26.922	4330	4311	3.13E+02	1.01E+02	1.58E+01	3.09E+01	3.19E+01	3.94E+01	7.51E+00	6.99E+02	8.45E+02	3.72E+02
2025-05-22 15:58:29.629												
2025-05-22 15:58:29.919	4330	4311	3.13E+02	1.01E+02	1.58E+01	3.09E+01	3.19E+01	3.94E+01	7.51E+00	6.99E+02	8.45E+02	3.72E+02
2025-05-22 15:58:32.621												
2025-05-22 15:58:32.924	4330	4311	3.13E+02	1.01E+02	1.58E+01	3.09E+01	3.19E+01	3.94E+01	7.51E+00	6.99E+02	8.45E+02	3.72E+02
2025-05-22 15:58:35.627												
2025-05-22 15:58:35.916	4330	4311	3.13E+02	1.01E+02	1.58E+01	3.09E+01	3.19E+01	3.94E+01	7.51E+00	6.99E+02	8.45E+02	3.72E+02
2025-05-22 15:58:38.620												
2025-05-22 15:58:38.923	4330	4311	3.13E+02	1.01E+02	1.58E+01	3.09E+01	3.19E+01	3.94E+01	7.51E+00	6.99E+02	8.45E+02	3.72E+02
2025-05-22 15:58:41.630												
2025-05-22 15:58:41.915	4330	4311	3.13E+02	1.01E+02	1.58E+01	3.09E+01	3.19E+01	3.94E+01	7.51E+00	6.99E+02	8.45E+02	3.72E+02
2025-05-22 15:58:44.622												
2025-05-22 15:58:44.922	4330	4311	3.13E+02	1.01E+02	1.58E+01	3.09E+01	3.19E+01	3.94E+01	7.51E+00	6.99E+02	8.45E+02	3.72E+02
2025-05-22 15:58:47.627												
2025-05-22 15:58:47.916	4330	4311	3.13E+02	1.01E+02	1.58E+01	3.09E+01	3.19E+01	3.94E+01	7.51E+00	6.99E+02	8.45E+02	3.72E+02
2025-05-22 15:58:50.619												
2025-05-22 15:58:50.923	4330	4311	3.13E+02	1.01E+02	1.58E+01	3.09E+01	3.19E+01	3.94E+01	7.51E+00	6.99E+02	8.45E+02	3.71E+02
2025-05-22 15:58:53.630												
2025-05-22 15:58:53.919	4330	4311	3.13E+02	1.01E+02	1.58E+01	3.09E+01	3.19E+01	3.94E+01	7.51E+00	6.99E+02	8.45E+02	3.71E+02
2025-05-22 15:58:56.619												
2025-05-22 15:58:56.923	4330	4311	3.13E+02	1.01E+02	1.58E+01	3.09E+01	3.19E+01	3.94E+01	7.51E+00	6.99E+02	8.45E+02	3.71E+02
2025-05-22 15:58:59.631												
2025-05-22 15:58:59.915	4330	4311	3.13E+02	1.01E+02	1.58E+01	3.09E+01	3.19E+01	3.94E+01	7.51E+00	6.99E+02	8.45E+02	3.71E+02
2025-05-22 15:59:02.620												
2025-05-22 15:59:02.919	4330	4311	3.13E+02	1.01E+02	1.58E+01	3.09E+01	3.19E+01	3.94E+01	7.51E+00	6.99E+02	8.45E+02	3.71E+02
2025-05-22 15:59:05.629												
2025-05-22 15:59:05.915	4330	4311	3.13E+02	1.01E+02	1.58E+01	3.09E+01	3.19E+01	3.94E+01	7.51E+00	6.99E+02	8.45E+02	3.71E+02
2025-05-22 15:59:08.617												
2025-05-22 15:59:08.921	4330	4311	3.13E+02	1.01E+02	1.58E+01	3.09E+01	3.19E+01	3.94E+01	7.51E+00	6.99E+02	8.45E+02	3.71E+02
2025-05-22 15:59:11.626												
2025-05-22 15:59:11.934	4330	4311	3.12E+02	1.01E+02	1.58E+01	3.09E+01	3.19E+01	3.94E+01	7.51E+00	6.99E+02	8.45E+02	3.71E+02
2025-05-22 15:59:14.623												
2025-05-22 15:59:14.926	4330	4311	3.12E+02	1.01E+02	1.58E+01	3.09E+01	3.19E+01	3.94E+01	7.51E+00	6.99E+02	8.45E+02	3.71E+02
2025-05-22 15:59:17.628												
2025-05-22 15:59:17.930	4330	4311	3.12E+02	1.01E+02	1.58E+01	3.09E+01	3.19E+01	3.94E+01	7.51E+00	6.99E+02	8.45E+02	3.71E+02
2025-05-22 15:59:20.617												
2025-05-22 15:59:20.922	4330	4311	3.12E+02	1.01E+02	1.58E+01	3.09E+01	3.19E+01	3.94E+01	7.51E+00	6.99E+02	8.45E+02	3.71E+02
2025-05-22 15:59:23.628												
2025-05-22 15:59:23.929	4330	4311	3.12E+02	1.01E+02	1.58E+01	3.09E+01	3.19E+01	3.94E+01	7.51E+00	6.99E+02	8.45E+02	3.71E+02
2025-05-22 15:59:26.621												
2025-05-22 15:59:26.923	4330	4311	3.12E+02	1.01E+02	1.58E+01	3.09E+01	3.19E+01	3.94E+01	7.51E+00	6.99E+02	8.45E+02	3.71E+02
2025-05-22 15:59:29.628												
2025-05-22 15:59:29.928	4330	4311	3.12E+02	1.01E+02	1.58E+01	3.09E+01	3.19E+01	3.94E+01	7.51E+00	6.99E+02	8.45E+02	3.71E+02
2025-05-22 15:59:32.617												
2025-05-22 15:59:32.921	4330	4311	3.12E+02	1.01E+02	1.58E+01	3.09E+01	3.19E+01	3.94E+01	7.52E+00	6.99E+02	8.45E+02	3.71E+02
2025-05-22 15:59:35.624												
2025-05-22 15:59:35.929	4330	4311	3.12E+02	1.01E+02	1.58E+01	3.09E+01	3.19E+01	3.94E+01	7.51E+00	6.99E+02	8.45E+02	3.71E+02
2025-05-22 15:59:38.616												
2025-05-22 15:59:38.919	4330	4311	3.12E+02	1.01E+02	1.58E+01	3.09E+01	3.19E+01	3.94E+01	7.52E+00	6.99E+02	8.45E+02	3.70E+02
2025-05-22 15:59:41.624												
2025-05-22 15:59:41.929	4330	4311	3.12E+02	1.01E+02	1.58E+01	3.09E+01	3.19E+01	3.94E+01	7.52E+00	6.99E+02	8.45E+02	3.70E+02
2025-05-22 15:59:44.616												
2025-05-22 15:59:44.919	4330	4311	3.12E+02	1.01E+02	1.58E+01	3.09E+01	3.19E+01	3.94E+01	7.51E+00	6.99E+02	8.45E+02	3.70E+02
2025-05-22 15:59:47.626												
2025-05-22 15:59:47.927	4330	4311	3.12E+02	1.01E+02	1.58E+01	3.09E+01	3.19E+01	3.94E+01	7.52E+00	6.99E+02	8.45E+02	3.70E+02
2025-05-22 15:59:50.620												
2025-05-22 15:59:50.919	4330	4311	3.12E+02	1.01E+02	1.58E+01	3.09E+01	3.19E+01	3.94E+01	7.52E+00	6.99E+02	8.45E+02	3.70E+02
2025-05-22 15:59:53.628												
2025-05-22 15:59:53.926	4330	4311	3.12E+02	1.01E+02	1.58E+01	3.09E+01	3.19E+01	3.94E+01	7.51E+00	6.99E+02	8.45E+02	3.70E+02
2025-05-22 15:59:56.617												
2025-05-22 15:59:56.919	4330	4311	3.12E+02	1.01E+02	1.58E+01	3.09E+01	3.19E+01	3.94E+01	7.51E+00	6.99E+02	8.45E+02	3.70E+02
2025-05-22 15:59:59.623												
2025-05-22 15:59:59.930	4330	4311	3.12E+02	1.01E+02	1.58E+01	3.09E+01	3.19E+01	3.94E+01	7.52E+00	6.99E+02	8.45E+02	3.70E+02
2025-05-22 16:00:02.614												
2025-05-22 16:00:02.919	4330	4311	3.12E+02	1.01E+02	1.58E+01	3.09E+01	3.19E+01	3.94E+01	7.52E+00	6.99E+02	8.45E+02	3.70E+02
2025-05-22 16:00:05.625												
2025-05-22 16:00:05.931	4330	4311	3.12E+02	1.01E+02	1.58E+01	3.09E+01	3.19E+01	3.94E+01	7.51E+00	6.99E+02	8.45E+02	3.70E+02
2025-05-22 16:00:08.614												
2025-05-22 16:00:08.919	4330	4311	3.12E+02	1.01E+02	1.58E+01	3.09E+01	3.19E+01	3.94E+01	7.52E+00	6.99E+02	8.45E+02	3.70E+02
2025-05-22 16:00:11.625												
2025-05-22 16:00:11.926	4330	4311	3.12E+02	1.01E+02	1.58E+01	3.09E+01	3.19E+01	3.94E+01	7.52E+00	6.99E+02	8.45E+02	3.70E+02
2025-05-22 16:00:14.614												
2025-05-22 16:00:14.918	4330	4311	3.12E+02	1.01E+02	1.58E+01	3.09E+01	3.19E+01	3.94E+01	7.52E+00	6.99E+02	8.45E+02	3.70E+02
2025-05-22 16:00:17.622												
2025-05-22 16:00:17.926	4330	4311	3.12E+02	1.01E+02	1.58E+01	3.09E+01	3.19E+01	3.94E+01	7.52E+00	6.99E+02	8.45E+02	3.70E+02
2025-05-22 16:00:20.619												
2025-05-22 16:00:20.917	4330	4311	3.12E+02	1.01E+02	1.58E+01	3.09E+01	3.19E+01	3.94E+01	7.52E+00	6.99E+02	8.45E+02	3.70E+02
2025-05-22 16:00:23.624												
2025-05-22 16:00:23.923	4330	4311	3.12E+02	1.01E+02	1.58E+01	3.09E+01	3.19E+01	3.94E+01	7.52E+00	6.99E+02	8.45E+02	3.70E+02
2025-05-22 16:00:26.613												
2025-05-22 16:00:26.917	4330	4311	3.12E+02	1.01E+02	1.58E+01	3.09E+01	3.19E+01	3.94E+01	7.52E+00	6.99E+02	8.45E+02	3.70E+02
2025-05-22 16:00:29.623												
2025-05-22 16:00:29.925	4330	4311	3.11E+02	1.01E+02	1.58E+01	3.09E+01	3.19E+01	3.94E+01	7.52E+00	6.99E+02	8.45E+02	3.70E+02
2025-05-22 16:00:32.614												
2025-05-22 16:00:32.922	4330	4311	3.12E+02	1.01E+02	1.58E+01	3.09E+01	3.19E+01	3.94E+01	7.52E+00	6.99E+02	8.45E+02	3.69E+02
2025-05-22 16:00:35.622												
2025-05-22 16:00:35.927	4330	4311	3.11E+02	1.01E+02	1.58E+01	3.09E+01	3.19E+01	3.94E+01	7.52E+00	6.99E+02	8.45E+02	3.69E+02
2025-05-22 16:00:38.613												
2025-05-22 16:00:38.917	4330	4311	3.11E+02	1.01E+02	1.58E+01	3.09E+01	3.19E+01	3.94E+01	7.52E+00	6.99E+02	8.45E+02	3.69E+02
2025-05-22 16:00:41.621												
2025-05-22 16:00:41.923	4330	4311	3.11E+02	1.01E+02	1.59E+01	3.09E+01	3.19E+01	3.94E+01	7.52E+00	6.99E+02	8.45E+02	3.69E+02
2025-05-22 16:00:44.616												
2025-05-22 16:00:44.914	4330	4311	3.11E+02	1.01E+02	1.59E+01	3.09E+01	3.19E+01	3.94E+01	7.52E+00	6.99E+02	8.45E+02	3.69E+02
2025-05-22 16:00:47.619												
2025-05-22 16:00:47.923	4330	4311	3.11E+02	1.01E+02	1.59E+01	3.09E+01	3.19E+01	3.94E+01	7.52E+00	6.99E+02	8.45E+02	3.69E+02
2025-05-22 16:00:50.614												
2025-05-22 16:00:50.915	4330	4311	3.11E+02	1.01E+02	1.59E+01	3.09E+01	3.19E+01	3.94E+01	7.52E+00	6.99E+02	8.45E+02	3.69E+02
2025-05-22 16:00:53.622												
2025-05-22 16:00:53.928	4330	4311	3.11E+02	1.01E+02	1.59E+01	3.09E+01	3.19E+01	3.94E+01	7.52E+00	6.99E+02	8.45E+02	3.69E+02
2025-05-22 16:00:56.611												
2025-05-22 16:00:56.915	4330	4311	3.11E+02	1.01E+02	1.59E+01	3.09E+01	3.19E+01	3.94E+01	7.52E+00	6.99E+02	8.45E+02	3.69E+02
2025-05-22 16:00:59.620												
2025-05-22 16:00:59.926	4330	4311	3.11E+02	1.01E+02	1.59E+01	3.09E+01	3.19E+01	3.94E+01	7.52E+00	6.99E+02	8.45E+02	3.69E+02
2025-05-22 16:01:02.613												
2025-05-22 16:01:02.919	4330	4311	3.11E+02	1.01E+02	1.59E+01	3.09E+01	3.19E+01	3.94E+01	7.51E+00	6.99E+02	8.45E+02	3.69E+02
2025-05-22 16:01:05.622												
2025-05-22 16:01:05.924	4330	4311	3.11E+02	1.01E+02	1.59E+01	3.09E+01	3.19E+01	3.94E+01	7.52E+00	6.99E+02	8.45E+02	3.69E+02
2025-05-22 16:01:08.627												
2025-05-22 16:01:08.912	4330	4311	3.11E+02	1.01E+02	1.59E+01	3.09E+01	3.19E+01	3.94E+01	7.52E+00	6.99E+02	8.45E+02	3.69E+02
2025-05-22 16:01:11.621												
2025-05-22 16:01:11.923	4330	4311	3.11E+02	1.01E+02	1.59E+01	3.09E+01	3.19E+01	3.94E+01	7.52E+00	6.99E+02	8.45E+02	3.69E+02
2025-05-22 16:01:14.630												
2025-05-22 16:01:14.914	4330	4311	3.11E+02	1.01E+02	1.59E+01	3.09E+01	3.19E+01	3.94E+01	7.52E+00	6.99E+02	8.45E+02	3.69E+02
2025-05-22 16:01:17.621												
2025-05-22 16:01:17.925	4330	4311	3.11E+02	1.01E+02	1.59E+01	3.09E+01	3.19E+01	3.94E+01	7.52E+00	6.99E+02	8.45E+02	3.69E+02
2025-05-22 16:01:20.630												
2025-05-22 16:01:20.913	4330	4311	3.11E+02	1.01E+02	1.59E+01	3.09E+01	3.19E+01	3.94E+01	7.52E+00	6.99E+02	8.45E+02	3.69E+02
2025-05-22 16:01:23.620												
2025-05-22 16:01:23.921	4330	4311	3.11E+02	1.01E+02	1.59E+01	3.09E+01	3.19E+01	3.94E+01	7.52E+00	6.99E+02	8.45E+02	3.69E+02
2025-05-22 16:01:26.626												
2025-05-22 16:01:26.914	4330	4311	3.11E+02	1.01E+02	1.59E+01	3.09E+01	3.19E+01	3.94E+01	7.52E+00	6.99E+02	8.45E+02	3.69E+02
2025-05-22 16:01:29.621												
2025-05-22 16:01:29.922	4330	4311	3.11E+02	1.01E+02	1.59E+01	3.09E+01	3.19E+01	3.94E+01	7.52E+00	6.99E+02	8.45E+02	3.69E+02
2025-05-22 16:01:32.628												
2025-05-22 16:01:32.914	4330	4311	3.11E+02	1.01E+02	1.59E+01	3.09E+01	3.19E+01	3.94E+01	7.52E+00	6.99E+02	8.45E+02	3.69E+02
2025-05-22 16:01:35.618												
2025-05-22 16:01:35.921	4330	4311	3.11E+02	1.01E+02	1.59E+01	3.09E+01	3.19E+01	3.94E+01	7.52E+00	6.99E+02	8.45E+02	3.69E+02
2025-05-22 16:01:38.629												
2025-05-22 16:01:38.912	4330	4311	3.11E+02	1.01E+02	1.59E+01	3.09E+01	3.19E+01	3.94E+01	7.52E+00	6.99E+02	8.45E+02	3.68E+02
2025-05-22 16:01:41.612												
2025-05-22 16:01:41.911	4330	4311	3.11E+02	1.01E+02	1.59E+01	3.09E+01	3.19E+01	3.94E+01	7.52E+00	6.99E+02	8.45E+02	3.68E+02
2025-05-22 16:01:44.628												
2025-05-22 16:01:44.905	4330	4311	3.11E+02	1.01E+02	1.59E+01	3.09E+01	3.19E+01	3.94E+01	7.52E+00	6.99E+02	8.45E+02	3.68E+02
2025-05-22 16:01:47.617												
2025-05-22 16:01:47.920	4330	4311	3.11E+02	1.01E+02	1.59E+01	3.09E+01	3.19E+01	3.94E+01	7.52E+00	6.99E+02	8.45E+02	3.68E+02
2025-05-22 16:01:50.626												
2025-05-22 16:01:50.912	4330	4311	3.11E+02	1.01E+02	1.59E+01	3.09E+01	3.19E+01	3.94E+01	7.52E+00	6.99E+02	8.45E+02	3.68E+02
2025-05-22 16:01:53.619												
2025-05-22 16:01:53.918	4330	4311	3.11E+02	1.01E+02	1.59E+01	3.09E+01	3.19E+01	3.94E+01	7.52E+00	6.99E+02	8.45E+02	3.68E+02
2025-05-22 16:01:56.625												
2025-05-22 16:01:56.913	4330	4311	3.11E+02	1.01E+02	1.59E+01	3.09E+01	3.19E+01	3.94E+01	7.52E+00	6.99E+02	8.45E+02	3.68E+02
2025-05-22 16:01:59.615												
2025-05-22 16:01:59.924	4330	4311	3.11E+02	1.00E+02	1.59E+01	3.09E+01	3.19E+01	3.94E+01	7.52E+00	7.00E+02	8.45E+02	3.68E+02
2025-05-22 16:02:02.628												
2025-05-22 16:02:02.910	4330	4311	3.11E+02	1.01E+02	1.59E+01	3.09E+01	3.19E+01	3.94E+01	7.52E+00	7.00E+02	8.45E+02	3.68E+02
2025-05-22 16:02:05.619												
2025-05-22 16:02:05.920	4330	4311	3.11E+02	1.01E+02	1.59E+01	3.09E+01	3.19E+01	3.94E+01	7.52E+00	7.00E+02	8.45E+02	3.68E+02
2025-05-22 16:02:08.625												
2025-05-22 16:02:08.911	4330	4311	3.11E+02	1.00E+02	1.59E+01	3.09E+01	3.19E+01	3.94E+01	7.52E+00	7.00E+02	8.45E+02	3.68E+02
2025-05-22 16:02:11.620												
2025-05-22 16:02:11.919	4330	4311	3.11E+02	1.01E+02	1.59E+01	3.09E+01	3.19E+01	3.94E+01	7.52E+00	7.00E+02	8.45E+02	3.68E+02
2025-05-22 16:02:14.623												
2025-05-22 16:02:14.904	4330	4311	3.10E+02	1.00E+02	1.59E+01	3.09E+01	3.19E+01	3.94E+01	7.52E+00	7.00E+02	8.45E+02	3.68E+02
2025-05-22 16:02:17.609												
2025-05-22 16:02:17.908	4330	4311	3.10E+02	1.00E+02	1.59E+01	3.09E+01	3.19E+01	3.94E+01	7.52E+00	7.00E+02	8.45E+02	3.68E+02
2025-05-22 16:02:20.619												
2025-05-22 16:02:20.902	4330	4311	3.10E+02	1.00E+02	1.59E+01	3.09E+01	3.19E+01	3.94E+01	7.52E+00	7.00E+02	8.45E+02	3.68E+02
2025-05-22 16:02:23.619												
2025-05-22 16:02:23.922	4330	4311	3.10E+02	1.00E+02	1.59E+01	3.09E+01	3.19E+01	3.94E+01	7.52E+00	7.00E+02	8.45E+02	3.68E+02
2025-05-22 16:02:26.623												
2025-05-22 16:02:26.913	4330	4311	3.10E+02	1.00E+02	1.59E+01	3.09E+01	3.19E+01	3.94E+01	7.52E+00	7.00E+02	8.45E+02	3.68E+02
2025-05-22 16:02:29.613												
2025-05-22 16:02:29.920	4330	4311	3.10E+02	1.00E+02	1.59E+01	3.09E+01	3.19E+01	3.94E+01	7.52E+00	7.00E+02	8.45E+02	3.68E+02
2025-05-22 16:02:32.621												
2025-05-22 16:02:32.926	4330	4311	3.10E+02	1.00E+02	1.59E+01	3.09E+01	3.19E+01	3.94E+01	7.52E+00	7.00E+02	8.45E+02	3.68E+02
2025-05-22 16:02:35.614												
2025-05-22 16:02:35.922	4330	4311	3.10E+02	1.00E+02	1.59E+01	3.09E+01	3.19E+01	3.94E+01	7.52E+00	7.00E+02	8.45E+02	3.68E+02
2025-05-22 16:02:38.623												
2025-05-22 16:02:38.925	4330	4311	3.10E+02	1.00E+02	1.59E+01	3.09E+01	3.19E+01	3.94E+01	7.52E+00	7.00E+02	8.45E+02	3.68E+02
2025-05-22 16:02:41.616												
2025-05-22 16:02:41.918	4330	4311	3.11E+02	1.00E+02	1.58E+01	3.09E+01	3.19E+01	3.95E+01	7.52E+00	7.00E+02	8.45E+02	3.70E+02
2025-05-22 16:02:44.623												
2025-05-22 16:02:44.927	4330	4311	3.11E+02	1.01E+02	1.58E+01	3.09E+01	3.19E+01	3.94E+01	7.52E+00	7.00E+02	8.45E+02	3.70E+02
2025-05-22 16:02:47.615												
2025-05-22 16:02:47.917	4330	4311	3.11E+02	1.01E+02	1.58E+01	3.09E+01	3.19E+01	3.94E+01	7.52E+00	7.00E+02	8.45E+02	3.69E+02
2025-05-22 16:02:50.621												
2025-05-22 16:02:50.930	4330	4311	3.11E+02	1.01E+02	1.59E+01	3.09E+01	3.19E+01	3.94E+01	7.52E+00	6.99E+02	8.45E+02	3.69E+02
2025-05-22 16:02:53.613												
2025-05-22 16:02:53.918	4330	4311	3.11E+02	1.01E+02	1.59E+01	3.09E+01	3.19E+01	3.94E+01	7.52E+00	6.99E+02	8.45E+02	3.69E+02
2025-05-22 16:02:56.622												
2025-05-22 16:02:56.930	4330	4311	3.11E+02	1.01E+02	1.59E+01	3.09E+01	3.19E+01	3.94E+01	7.52E+00	6.99E+02	8.45E+02	3.69E+02
2025-05-22 16:02:59.612												
2025-05-22 16:02:59.916	4330	4311	3.11E+02	1.01E+02	1.59E+01	3.09E+01	3.19E+01	3.94E+01	7.52E+00	6.99E+02	8.45E+02	3.69E+02
2025-05-22 16:03:02.623												
2025-05-22 16:03:02.924	4330	4311	3.11E+02	1.01E+02	1.58E+01	3.09E+01	3.19E+01	3.94E+01	7.52E+00	6.99E+02	8.45E+02	3.70E+02
2025-05-22 16:03:05.615												
2025-05-22 16:03:05.915	4330	4311	3.12E+02	1.01E+02	1.58E+01	3.09E+01	3.19E+01	3.94E+01	7.52E+00	6.99E+02	8.45E+02	3.69E+02
2025-05-22 16:03:08.620												
2025-05-22 16:03:08.924	4330	4311	3.12E+02	1.01E+02	1.59E+01	3.09E+01	3.19E+01	3.94E+01	7.52E+00	6.99E+02	8.45E+02	3.69E+02
2025-05-22 16:03:11.612												
2025-05-22 16:03:11.913	4330	4311	3.12E+02	1.01E+02	1.59E+01	3.09E+01	3.19E+01	3.94E+01	7.52E+00	6.99E+02	8.45E+02	3.69E+02
2025-05-22 16:03:14.623												
2025-05-22 16:03:14.921	4330	4311	3.12E+02	1.01E+02	1.59E+01	3.09E+01	3.19E+01	3.94E+01	7.52E+00	6.99E+02	8.45E+02	3.69E+02
2025-05-22 16:03:17.612												
2025-05-22 16:03:17.917	4330	4311	3.12E+02	1.01E+02	1.59E+01	3.09E+01	3.19E+01	3.94E+01	7.52E+00	6.99E+02	8.45E+02	3.69E+02
2025-05-22 16:03:20.622												
2025-05-22 16:03:20.921	4330	4311	3.12E+02	1.01E+02	1.59E+01	3.09E+01	3.19E+01	3.94E+01	7.52E+00	6.99E+02	8.45E+02	3.69E+02
2025-05-22 16:03:23.615												
2025-05-22 16:03:23.913	4330	4311	3.12E+02	1.01E+02	1.59E+01	3.09E+01	3.19E+01	3.94E+01	7.52E+00	6.99E+02	8.45E+02	3.69E+02
2025-05-22 16:03:26.618												
2025-05-22 16:03:26.923	4330	4311	3.12E+02	1.01E+02	1.59E+01	3.09E+01	3.19E+01	3.94E+01	7.52E+00	6.99E+02	8.45E+02	3.69E+02
2025-05-22 16:03:29.613												
2025-05-22 16:03:29.919	4330	4311	3.12E+02	1.01E+02	1.59E+01	3.09E+01	3.19E+01	3.94E+01	7.52E+00	6.99E+02	8.45E+02	3.68E+02
2025-05-22 16:03:32.618												
2025-05-22 16:03:32.927	4330	4311	3.11E+02	1.01E+02	1.59E+01	3.09E+01	3.19E+01	3.94E+01	7.52E+00	6.99E+02	8.45E+02	3.68E+02
2025-05-22 16:03:35.614												
2025-05-22 16:03:35.914	4330	4311	3.12E+02	1.01E+02	1.59E+01	3.09E+01	3.19E+01	3.94E+01	7.52E+00	6.99E+02	8.45E+02	3.68E+02
2025-05-22 16:03:38.618												
2025-05-22 16:03:38.921	4330	4311	3.12E+02	1.01E+02	1.59E+01	3.09E+01	3.19E+01	3.94E+01	7.52E+00	6.99E+02	8.45E+02	3.68E+02
2025-05-22 16:03:41.610												
2025-05-22 16:03:41.914	4330	4311	3.12E+02	1.01E+02	1.59E+01	3.09E+01	3.19E+01	3.94E+01	7.52E+00	6.99E+02	8.45E+02	3.68E+02
2025-05-22 16:03:44.620												
2025-05-22 16:03:44.924	4330	4311	3.12E+02	1.01E+02	1.59E+01	3.09E+01	3.19E+01	3.94E+01	7.52E+00	6.99E+02	8.45E+02	3.68E+02
2025-05-22 16:03:47.609												
2025-05-22 16:03:47.913	4330	4311	3.11E+02	1.01E+02	1.59E+01	3.09E+01	3.19E+01	3.94E+01	7.52E+00	6.99E+02	8.45E+02	3.68E+02
2025-05-22 16:03:50.620												
2025-05-22 16:03:50.923	4330	4311	3.11E+02	1.01E+02	1.59E+01	3.09E+01	3.19E+01	3.94E+01	7.51E+00	6.99E+02	8.45E+02	3.68E+02
2025-05-22 16:03:53.611												
2025-05-22 16:03:53.919	4330	4311	3.11E+02	1.01E+02	1.59E+01	3.09E+01	3.19E+01	3.94E+01	7.52E+00	6.99E+02	8.45E+02	3.68E+02
2025-05-22 16:03:56.617												
2025-05-22 16:03:56.921	4330	4311	3.11E+02	1.01E+02	1.59E+01	3.09E+01	3.19E+01	3.94E+01	7.52E+00	6.99E+02	8.45E+02	3.68E+02
2025-05-22 16:03:59.612												
2025-05-22 16:03:59.915	4330	4311	3.11E+02	1.01E+02	1.59E+01	3.09E+01	3.19E+01	3.94E+01	7.52E+00	6.99E+02	8.45E+02	3.68E+02
2025-05-22 16:04:02.617												
2025-05-22 16:04:02.921	4330	4311	3.11E+02	1.01E+02	1.59E+01	3.09E+01	3.19E+01	3.94E+01	7.52E+00	6.99E+02	8.45E+02	3.68E+02
2025-05-22 16:04:05.611												
2025-05-22 16:04:05.911	4330	4311	3.11E+02	1.01E+02	1.59E+01	3.09E+01	3.19E+01	3.94E+01	7.52E+00	6.99E+02	8.45E+02	3.68E+02
2025-05-22 16:04:08.616												
2025-05-22 16:04:08.920	4330	4311	3.11E+02	1.01E+02	1.59E+01	3.09E+01	3.19E+01	3.94E+01	7.52E+00	6.99E+02	8.45E+02	3.68E+02
2025-05-22 16:04:11.608												
2025-05-22 16:04:11.910	4330	4311	3.11E+02	1.01E+02	1.59E+01	3.09E+01	3.19E+01	3.94E+01	7.52E+00	6.99E+02	8.45E+02	3.68E+02
2025-05-22 16:04:14.615												
2025-05-22 16:04:14.920	4330	4311	3.11E+02	1.01E+02	1.59E+01	3.09E+01	3.19E+01	3.94E+01	7.51E+00	6.99E+02	8.45E+02	3.68E+02
2025-05-22 16:04:17.608												
2025-05-22 16:04:17.912	4330	4311	3.11E+02	1.01E+02	1.59E+01	3.09E+01	3.19E+01	3.94E+01	7.52E+00	6.99E+02	8.45E+02	3.68E+02
2025-05-22 16:04:20.617												
2025-05-22 16:04:20.920	4330	4311	3.11E+02	1.01E+02	1.59E+01	3.09E+01	3.19E+01	3.94E+01	7.52E+00	6.99E+02	8.45E+02	3.68E+02
2025-05-22 16:04:23.609												
2025-05-22 16:04:23.912	4330	4311	3.11E+02	1.01E+02	1.59E+01	3.09E+01	3.19E+01	3.94E+01	7.52E+00	6.99E+02	8.45E+02	3.67E+02
2025-05-22 16:04:26.615												
2025-05-22 16:04:26.921	4330	4311	3.11E+02	1.01E+02	1.59E+01	3.09E+01	3.19E+01	3.94E+01	7.52E+00	6.99E+02	8.45E+02	3.67E+02
2025-05-22 16:04:29.620												
2025-05-22 16:04:29.910	4330	4311	3.11E+02	1.01E+02	1.59E+01	3.09E+01	3.19E+01	3.94E+01	7.52E+00	6.99E+02	8.45E+02	3.67E+02
2025-05-22 16:04:32.619												
2025-05-22 16:04:32.917	4330	4311	3.11E+02	1.01E+02	1.59E+01	3.09E+01	3.19E+01	3.94E+01	7.52E+00	6.99E+02	8.45E+02	3.67E+02
2025-05-22 16:04:35.625												
2025-05-22 16:04:35.911	4330	4311	3.11E+02	1.01E+02	1.59E+01	3.09E+01	3.19E+01	3.94E+01	7.52E+00	6.99E+02	8.45E+02	3.67E+02
2025-05-22 16:04:38.615												
2025-05-22 16:04:38.917	4330	4311	3.11E+02	1.01E+02	1.59E+01	3.09E+01	3.19E+01	3.94E+01	7.52E+00	6.99E+02	8.45E+02	3.67E+02
2025-05-22 16:04:41.624												
2025-05-22 16:04:41.911	4330	4311	3.11E+02	1.01E+02	1.59E+01	3.09E+01	3.19E+01	3.94E+01	7.52E+00	6.99E+02	8.45E+02	3.67E+02
2025-05-22 16:04:44.614												
2025-05-22 16:04:44.921	4330	4311	3.11E+02	1.01E+02	1.59E+01	3.09E+01	3.19E+01	3.94E+01	7.51E+00	6.99E+02	8.45E+02	3.67E+02
2025-05-22 16:04:47.625												
2025-05-22 16:04:47.911	4330	4311	3.11E+02	1.01E+02	1.59E+01	3.09E+01	3.19E+01	3.94E+01	7.52E+00	6.99E+02	8.45E+02	3.67E+02
2025-05-22 16:04:50.611												
2025-05-22 16:04:50.916	4330	4311	3.11E+02	1.01E+02	1.59E+01	3.09E+01	3.19E+01	3.94E+01	7.52E+00	6.99E+02	8.45E+02	3.67E+02
2025-05-22 16:04:53.622												
2025-05-22 16:04:53.909	4330	4311	3.11E+02	1.01E+02	1.59E+01	3.09E+01	3.19E+01	3.94E+01	7.52E+00	6.99E+02	8.45E+02	3.67E+02
2025-05-22 16:04:56.616												
2025-05-22 16:04:56.920	4330	4311	3.11E+02	1.01E+02	1.59E+01	3.09E+01	3.19E+01	3.94E+01	7.52E+00	6.99E+02	8.45E+02	3.67E+02
2025-05-22 16:04:59.620												
2025-05-22 16:04:59.913	4330	4311	3.11E+02	1.01E+02	1.59E+01	3.09E+01	3.19E+01	3.94E+01	7.52E+00	6.99E+02	8.45E+02	3.67E+02
2025-05-22 16:05:02.614												
2025-05-22 16:05:02.923	4330	4311	3.11E+02	1.01E+02	1.59E+01	3.09E+01	3.19E+01	3.94E+01	7.51E+00	6.99E+02	8.45E+02	3.67E+02
2025-05-22 16:05:05.625												
2025-05-22 16:05:05.908	4330	4311	3.11E+02	1.01E+02	1.59E+01	3.09E+01	3.19E+01	3.94E+01	7.51E+00	6.99E+02	8.45E+02	3.67E+02
2025-05-22 16:05:08.615												
2025-05-22 16:05:08.918	4330	4311	3.11E+02	1.01E+02	1.59E+01	3.09E+01	3.19E+01	3.94E+01	7.51E+00	6.99E+02	8.45E+02	3.67E+02
2025-05-22 16:05:11.621												
2025-05-22 16:05:11.913	4330	4311	3.11E+02	1.01E+02	1.59E+01	3.09E+01	3.19E+01	3.94E+01	7.52E+00	6.99E+02	8.45E+02	3.67E+02
2025-05-22 16:05:14.618												
2025-05-22 16:05:14.922	4330	4311	3.11E+02	1.01E+02	1.59E+01	3.09E+01	3.19E+01	3.94E+01	7.52E+00	6.99E+02	8.45E+02	3.67E+02
2025-05-22 16:05:17.620												
2025-05-22 16:05:17.908	4330	4311	3.11E+02	1.01E+02	1.59E+01	3.09E+01	3.19E+01	3.94E+01	7.51E+00	6.99E+02	8.45E+02	3.67E+02
2025-05-22 16:05:20.614												
2025-05-22 16:05:20.923	4330	4311	3.11E+02	1.01E+02	1.59E+01	3.09E+01	3.19E+01	3.94E+01	7.51E+00	6.99E+02	8.45E+02	3.67E+02
2025-05-22 16:05:23.624												
2025-05-22 16:05:23.910	4330	4311	3.11E+02	1.01E+02	1.59E+01	3.09E+01	3.19E+01	3.94E+01	7.51E+00	6.99E+02	8.45E+02	3.67E+02
2025-05-22 16:05:26.614												
2025-05-22 16:05:26.919	4330	4311	3.11E+02	1.01E+02	1.59E+01	3.09E+01	3.19E+01	3.94E+01	7.52E+00	6.99E+02	8.45E+02	3.67E+02
2025-05-22 16:05:29.622												
2025-05-22 16:05:29.909	4330	4311	3.11E+02	1.01E+02	1.59E+01	3.09E+01	3.19E+01	3.94E+01	7.52E+00	6.99E+02	8.45E+02	3.67E+02
2025-05-22 16:05:32.617												
2025-05-22 16:05:32.917	4330	4311	3.11E+02	1.01E+02	1.59E+01	3.09E+01	3.19E+01	3.94E+01	7.52E+00	6.99E+02	8.45E+02	3.67E+02
2025-05-22 16:05:35.623												
2025-05-22 16:05:35.908	4330	4311	3.11E+02	1.01E+02	1.59E+01	3.09E+01	3.19E+01	3.94E+01	7.52E+00	6.99E+02	8.45E+02	3.67E+02
2025-05-22 16:05:38.617												
2025-05-22 16:05:38.920	4330	4311	3.10E+02	1.01E+02	1.59E+01	3.09E+01	3.19E+01	3.94E+01	7.52E+00	6.99E+02	8.45E+02	3.66E+02
2025-05-22 16:05:41.625												
2025-05-22 16:05:41.908	4330	4311	3.10E+02	1.01E+02	1.59E+01	3.09E+01	3.19E+01	3.94E+01	7.52E+00	6.99E+02	8.45E+02	3.66E+02
2025-05-22 16:05:44.615												
2025-05-22 16:05:44.920	4330	4311	3.10E+02	1.01E+02	1.59E+01	3.09E+01	3.19E+01	3.94E+01	7.52E+00	6.99E+02	8.45E+02	3.66E+02
2025-05-22 16:05:47.622												
2025-05-22 16:05:47.907	4330	4311	3.10E+02	1.01E+02	1.59E+01	3.09E+01	3.19E+01	3.94E+01	7.52E+00	6.99E+02	8.45E+02	3.66E+02
2025-05-22 16:05:50.611												
2025-05-22 16:05:50.914	4330	4311	3.10E+02	1.01E+02	1.59E+01	3.09E+01	3.19E+01	3.94E+01	7.52E+00	6.99E+02	8.45E+02	3.66E+02
2025-05-22 16:05:53.619												
2025-05-22 16:05:53.907	4330	4311	3.10E+02	1.01E+02	1.59E+01	3.09E+01	3.19E+01	3.94E+01	7.52E+00	6.99E+02	8.45E+02	3.66E+02
2025-05-22 16:05:56.614												
2025-05-22 16:05:56.917	4330	4311	3.10E+02	1.01E+02	1.59E+01	3.09E+01	3.19E+01	3.94E+01	7.52E+00	6.99E+02	8.45E+02	3.66E+02
2025-05-22 16:05:59.621												
2025-05-22 16:05:59.926	4330	4311	3.10E+02	1.01E+02	1.59E+01	3.09E+01	3.19E+01	3.94E+01	7.52E+00	6.99E+02	8.45E+02	3.66E+02
2025-05-22 16:06:02.610												
2025-05-22 16:06:02.915	4330	4311	3.10E+02	1.01E+02	1.59E+01	3.09E+01	3.19E+01	3.94E+01	7.52E+00	6.99E+02	8.45E+02	3.66E+02
2025-05-22 16:06:05.619												
2025-05-22 16:06:05.922	4330	4311	3.10E+02	1.01E+02	1.59E+01	3.09E+01	3.19E+01	3.94E+01	7.52E+00	6.99E+02	8.45E+02	3.66E+02
2025-05-22 16:06:08.610												
2025-05-22 16:06:08.913	4330	4311	3.10E+02	1.01E+02	1.59E+01	3.09E+01	3.19E+01	3.94E+01	7.52E+00	6.99E+02	8.45E+02	3.66E+02
2025-05-22 16:06:11.619												
2025-05-22 16:06:11.923	4330	4311	3.10E+02	1.01E+02	1.59E+01	3.09E+01	3.19E+01	3.94E+01	7.52E+00	6.99E+02	8.45E+02	3.66E+02
2025-05-22 16:06:14.613												
2025-05-22 16:06:14.913	4330	4311	3.10E+02	1.01E+02	1.59E+01	3.09E+01	3.19E+01	3.94E+01	7.52E+00	6.99E+02	8.45E+02	3.66E+02
2025-05-22 16:06:17.618												
2025-05-22 16:06:17.924	4330	4311	3.10E+02	1.01E+02	1.59E+01	3.09E+01	3.19E+01	3.94E+01	7.52E+00	6.99E+02	8.45E+02	3.66E+02
2025-05-22 16:06:20.613												
2025-05-22 16:06:20.913	4330	4311	3.10E+02	1.01E+02	1.60E+01	3.09E+01	3.19E+01	3.94E+01	7.52E+00	6.99E+02	8.45E+02	3.66E+02
2025-05-22 16:06:23.619												
2025-05-22 16:06:23.918	4330	4311	3.10E+02	1.01E+02	1.60E+01	3.09E+01	3.19E+01	3.94E+01	7.52E+00	6.99E+02	8.45E+02	3.66E+02
2025-05-22 16:06:26.611												
2025-05-22 16:06:26.916	4330	4311	3.10E+02	1.00E+02	1.60E+01	3.09E+01	3.19E+01	3.94E+01	7.52E+00	6.99E+02	8.45E+02	3.66E+02
2025-05-22 16:06:29.620												
2025-05-22 16:06:29.922	4330	4311	3.10E+02	1.01E+02	1.60E+01	3.09E+01	3.19E+01	3.94E+01	7.52E+00	6.99E+02	8.45E+02	3.66E+02
2025-05-22 16:06:32.610												
2025-05-22 16:06:32.913	4330	4311	3.10E+02	1.00E+02	1.60E+01	3.09E+01	3.19E+01	3.94E+01	7.52E+00	6.99E+02	8.45E+02	3.66E+02
2025-05-22 16:06:35.616												
2025-05-22 16:06:35.923	4330	4311	3.10E+02	1.00E+02	1.60E+01	3.09E+01	3.19E+01	3.94E+01	7.52E+00	6.99E+02	8.45E+02	3.66E+02
2025-05-22 16:06:38.610												
2025-05-22 16:06:38.914	4330	4311	3.10E+02	1.00E+02	1.60E+01	3.09E+01	3.19E+01	3.94E+01	7.52E+00	6.99E+02	8.45E+02	3.66E+02
2025-05-22 16:06:41.622												
2025-05-22 16:06:41.923	4330	4311	3.10E+02	1.00E+02	1.60E+01	3.09E+01	3.19E+01	3.94E+01	7.52E+00	6.99E+02	8.45E+02	3.66E+02
2025-05-22 16:06:44.611												
2025-05-22 16:06:44.908	4330	4311	3.10E+02	1.00E+02	1.60E+01	3.09E+01	3.19E+01	3.94E+01	7.52E+00	6.99E+02	8.45E+02	3.66E+02
2025-05-22 16:06:47.618												
2025-05-22 16:06:47.922	4330	4311	3.10E+02	1.00E+02	1.60E+01	3.09E+01	3.19E+01	3.94E+01	7.52E+00	6.99E+02	8.45E+02	3.66E+02
2025-05-22 16:06:50.611												
2025-05-22 16:06:50.913	4330	4311	3.10E+02	1.00E+02	1.60E+01	3.09E+01	3.19E+01	3.94E+01	7.52E+00	6.99E+02	8.45E+02	3.66E+02
2025-05-22 16:06:53.619												
2025-05-22 16:06:53.927	4330	4311	3.10E+02	1.00E+02	1.60E+01	3.09E+01	3.19E+01	3.94E+01	7.52E+00	7.00E+02	8.45E+02	3.66E+02
2025-05-22 16:06:56.611												
2025-05-22 16:06:56.915	4330	4311	3.10E+02	1.00E+02	1.60E+01	3.09E+01	3.19E+01	3.94E+01	7.52E+00	6.99E+02	8.45E+02	3.66E+02
2025-05-22 16:06:59.617												
2025-05-22 16:06:59.926	4330	4311	3.10E+02	1.00E+02	1.60E+01	3.09E+01	3.19E+01	3.94E+01	7.52E+00	7.00E+02	8.45E+02	3.66E+02
2025-05-22 16:07:02.608												
2025-05-22 16:07:02.910	4330	4311	3.10E+02	1.00E+02	1.60E+01	3.09E+01	3.19E+01	3.94E+01	7.52E+00	7.00E+02	8.45E+02	3.66E+02
2025-05-22 16:07:05.614												
2025-05-22 16:07:05.920	4330	4311	3.10E+02	1.00E+02	1.60E+01	3.09E+01	3.19E+01	3.94E+01	7.52E+00	7.00E+02	8.45E+02	3.66E+02
2025-05-22 16:07:08.612												
2025-05-22 16:07:08.612	4330	4										